<?xml version="1.0"?>
<opencv_storage>
<calibration_Time>"Mon Dec  9 13:13:03 2013"</calibration_Time>
<nrOfFrames>12</nrOfFrames>
<image_Width>1440</image_Width>
<image_Height>1080</image_Height>
<board_Width>8</board_Width>
<board_Height>5</board_Height>
<square_Size>50.</square_Size>
<FixAspectRatio>1.</FixAspectRatio>
<!-- flags:  +fix_aspectRatio +fix_principal_point +zero_tangent_dist -->
<flagValue>14</flagValue>
<Camera_Matrix type_id="opencv-matrix">
  <rows>3</rows>
  <cols>3</cols>
  <dt>d</dt>
  <data>
    1.4788004986036315e+03 0. 7.1950000000000000e+02 0.
    1.4788004986036315e+03 5.3950000000000000e+02 0. 0. 1.</data></Camera_Matrix>
<Distortion_Coefficients type_id="opencv-matrix">
  <rows>5</rows>
  <cols>1</cols>
  <dt>d</dt>
  <data>
    1.6178927234579213e-01 1.0465638982122503e-01 0. 0.
    -4.3687565398471380e+00</data></Distortion_Coefficients>
<Avg_Reprojection_Error>7.1909610551903946e-01</Avg_Reprojection_Error>
<Per_View_Reprojection_Errors type_id="opencv-matrix">
  <rows>12</rows>
  <cols>1</cols>
  <dt>f</dt>
  <data>
    6.52925909e-01 7.51619995e-01 5.47328711e-01 6.46619499e-01
    7.25236893e-01 7.05167711e-01 6.49260461e-01 6.61382556e-01
    6.79567754e-01 8.64888787e-01 7.28500009e-01 9.34615850e-01</data></Per_View_Reprojection_Errors>
<!-- a set of 6-tuples (rotation vector + translation vector) for each view -->
<Extrinsic_Parameters type_id="opencv-matrix">
  <rows>12</rows>
  <cols>6</cols>
  <dt>d</dt>
  <data>
    -4.3106260992705719e-01 1.3725201084251847e-03
    -1.7594817651010376e-02 -1.9450811881384720e+02
    -4.4778115970007505e+01 1.0173690940543909e+03
    -4.3264706631454525e-01 1.7253812030883453e-01
    4.2576549395621577e-01 -1.6023777833408508e+02
    -1.8072458320335880e+02 1.0838580884508578e+03
    -4.9556054618996087e-01 -8.6076229747957797e-02
    -4.1005843202838488e-01 -2.5941285379268521e+02
    -4.6564615989502386e+01 1.0023454794115709e+03
    -7.8355159822744713e-01 6.0075252538754474e-02
    2.4421340970701803e-02 -1.9870484265871630e+02
    -9.8766967935527020e+01 1.2282663473849341e+03
    -6.5895639578604714e-01 2.8674036570504396e-01
    6.0056049529749689e-01 -1.0991512154756226e+02
    -1.9847370162620641e+02 1.1867430582281479e+03
    -6.3892108752038779e-01 4.0655603584867145e-01
    8.7862503300150252e-01 -1.6132905981313751e+01
    -1.6712839487406643e+02 1.3059774987585115e+03
    -7.4713810438012407e-01 -2.2048112112254042e-01
    -5.0800416305022289e-01 -1.2999915643806997e+02
    -1.7069363894556243e+01 1.0555996067130941e+03
    -8.7291532248816617e-01 1.1924992893767512e-02
    -6.3703465858625675e-03 -1.7355107150731851e+02
    -5.9073554615519654e+01 1.2685883452141229e+03
    -2.1383129630905925e-01 3.2340104078775751e-02
    1.7963809779161399e-01 -1.2963207022608628e+02
    -8.5276440224727537e+01 9.6354771834022756e+02
    -2.0072425733732116e-01 7.3259707798798548e-02
    -2.3574508022510099e-01 -1.6972180459071387e+02
    -6.1969676629742821e+01 9.1026709485589481e+02
    1.8401794347569075e-01 5.9076778952438978e-02 9.5259011897911462e-03
    -1.3109173826079490e+02 -5.3164541156494401e+01
    8.2558201585420511e+02 -8.6803568811537377e-02
    1.1289861742091589e-01 7.7168177093129800e-02
    -1.6250785216822899e+02 -1.0521219991151447e+02
    8.6433567827809566e+02</data></Extrinsic_Parameters>
<Image_points type_id="opencv-matrix">
  <rows>12</rows>
  <cols>40</cols>
  <dt>"2f"</dt>
  <data>
    4.34943268e+02 4.73562500e+02 5.08137146e+02 4.72594574e+02
    5.81187744e+02 4.71432800e+02 6.54212402e+02 4.71016418e+02
    7.26944763e+02 4.69403473e+02 7.99830261e+02 4.67984039e+02
    8.73218384e+02 4.66555756e+02 9.46945923e+02 4.64734558e+02
    4.30308014e+02 5.40115906e+02 5.05215302e+02 5.39531677e+02
    5.79645630e+02 5.38298218e+02 6.54049011e+02 5.36712402e+02
    7.28367126e+02 5.35772095e+02 8.02644165e+02 5.34463806e+02
    8.77400085e+02 5.33070374e+02 9.52640564e+02 5.31812378e+02
    4.26076752e+02 6.09432068e+02 5.02554260e+02 6.08519897e+02
    5.77958313e+02 6.07027039e+02 6.53987000e+02 6.05827515e+02
    7.29865479e+02 6.04452271e+02 8.05845337e+02 6.02948730e+02
    8.82275635e+02 6.01802673e+02 9.59009399e+02 6.00950745e+02
    4.20702148e+02 6.81742188e+02 4.98976410e+02 6.80545166e+02
    5.76069946e+02 6.78997192e+02 6.53833740e+02 6.77523193e+02
    7.31459961e+02 6.76115906e+02 8.09275208e+02 6.74603760e+02
    8.87319702e+02 6.73795593e+02 9.66108276e+02 6.72409363e+02
    4.15251556e+02 7.57626892e+02 4.95220520e+02 7.56008362e+02
    5.74090637e+02 7.54240845e+02 6.53743896e+02 7.52524536e+02
    7.33262817e+02 7.51080994e+02 8.12955078e+02 7.49943420e+02
    8.92949585e+02 7.49047852e+02 9.73693176e+02 7.47545837e+02
    4.99061401e+02 2.90822632e+02 5.58636108e+02 3.13351685e+02
    6.19763367e+02 3.36273010e+02 6.82680237e+02 3.60697906e+02
    7.46849609e+02 3.84169037e+02 8.12635132e+02 4.08497894e+02
    8.80483276e+02 4.33351562e+02 9.50596375e+02 4.58456421e+02
    4.64929657e+02 3.44098846e+02 5.25497131e+02 3.68344727e+02
    5.87432861e+02 3.92505035e+02 6.50587341e+02 4.16554047e+02
    7.15502930e+02 4.41867645e+02 7.81975525e+02 4.67447235e+02
    8.50422058e+02 4.93552582e+02 9.21272156e+02 5.20557922e+02
    4.30362732e+02 3.99349121e+02 4.91743744e+02 4.24503754e+02
    5.53629700e+02 4.49238678e+02 6.17724243e+02 4.74950378e+02
    6.83250977e+02 5.01076935e+02 7.50458740e+02 5.27494019e+02
    8.19567383e+02 5.55207275e+02 8.91155457e+02 5.83693909e+02
    3.93977203e+02 4.56078888e+02 4.56028595e+02 4.82150909e+02
    5.18892273e+02 5.08023712e+02 5.83546021e+02 5.34800354e+02
    6.49872498e+02 5.62108643e+02 7.17855103e+02 5.89934998e+02
    7.87773071e+02 6.19141357e+02 8.60226196e+02 6.48718567e+02
    3.56037201e+02 5.14779297e+02 4.18828827e+02 5.41779419e+02
    4.82327698e+02 5.68726624e+02 5.47880249e+02 5.96574158e+02
    6.15051086e+02 6.25246582e+02 6.84020569e+02 6.54797363e+02
    7.54838013e+02 6.85470825e+02 8.28134827e+02 7.16489990e+02
    3.32963348e+02 4.69381287e+02 4.04216492e+02 4.43672546e+02
    4.74409637e+02 4.18477814e+02 5.43287170e+02 3.94584412e+02
    6.10276794e+02 3.69779694e+02 6.76044434e+02 3.45526276e+02
    7.40823486e+02 3.21522430e+02 8.04716858e+02 2.97326233e+02
    3.55017212e+02 5.28769775e+02 4.28127777e+02 5.02822388e+02
    4.99495056e+02 4.76548828e+02 5.69219666e+02 4.50248627e+02
    6.37445618e+02 4.25136292e+02 7.04363464e+02 4.00066589e+02
    7.70131409e+02 3.75099030e+02 8.35084351e+02 3.50473938e+02
    3.78929291e+02 5.90958862e+02 4.53312195e+02 5.63386475e+02
    5.25187195e+02 5.35878601e+02 5.96300598e+02 5.08918610e+02
    6.65559814e+02 4.82297668e+02 7.33597717e+02 4.55736938e+02
    8.00672058e+02 4.30007629e+02 8.66743774e+02 4.04657898e+02
    4.02901947e+02 6.55998901e+02 4.78675995e+02 6.26864624e+02
    5.51977600e+02 5.98032227e+02 6.24256592e+02 5.69635376e+02
    6.94939148e+02 5.41703735e+02 7.64343018e+02 5.14057251e+02
    8.32554077e+02 4.87420074e+02 9.00065247e+02 4.60362183e+02
    4.27940857e+02 7.24354187e+02 5.05234436e+02 6.93375793e+02
    5.79878296e+02 6.62879883e+02 6.53685791e+02 6.32843811e+02
    7.25686279e+02 6.03560791e+02 7.96523743e+02 5.75043579e+02
    8.66209656e+02 5.47069824e+02 9.35240967e+02 5.18423462e+02
    4.79550415e+02 4.19449432e+02 5.39173706e+02 4.19409027e+02
    5.99177551e+02 4.19112732e+02 6.59571533e+02 4.19946442e+02
    7.20263489e+02 4.19192841e+02 7.81233521e+02 4.18684692e+02
    8.42830688e+02 4.17935974e+02 9.05162109e+02 4.16852631e+02
    4.69545258e+02 4.59878113e+02 5.31147644e+02 4.60899689e+02
    5.92884277e+02 4.60865753e+02 6.54974304e+02 4.60217743e+02
    7.17436890e+02 4.60457397e+02 7.80324890e+02 4.60197540e+02
    8.43621155e+02 4.59752502e+02 9.07836853e+02 4.59273865e+02
    4.59588776e+02 5.03099548e+02 5.23081543e+02 5.04005585e+02
    5.86143066e+02 5.03800415e+02 6.50216919e+02 5.04026764e+02
    7.14447693e+02 5.03782806e+02 7.79352661e+02 5.03298676e+02
