<?xml version="1.0"?>
<opencv_storage>
<calibration_Time>"Mon Dec  9 13:10:39 2013"</calibration_Time>
<nrOfFrames>12</nrOfFrames>
<image_Width>2560</image_Width>
<image_Height>1920</image_Height>
<board_Width>8</board_Width>
<board_Height>5</board_Height>
<square_Size>50.</square_Size>
<FixAspectRatio>1.</FixAspectRatio>
<!-- flags:  +fix_aspectRatio +fix_principal_point +zero_tangent_dist -->
<flagValue>14</flagValue>
<Camera_Matrix type_id="opencv-matrix">
  <rows>3</rows>
  <cols>3</cols>
  <dt>d</dt>
  <data>
    2.6291342132002510e+03 0. 1.2795000000000000e+03 0.
    2.6291342132002510e+03 9.5950000000000000e+02 0. 0. 1.</data></Camera_Matrix>
<Distortion_Coefficients type_id="opencv-matrix">
  <rows>5</rows>
  <cols>1</cols>
  <dt>d</dt>
  <data>
    1.6319649898143720e-01 9.1860844068442832e-02 0. 0.
    -4.3747329188971760e+00</data></Distortion_Coefficients>
<Avg_Reprojection_Error>1.2767847069782949e+00</Avg_Reprojection_Error>
<Per_View_Reprojection_Errors type_id="opencv-matrix">
  <rows>12</rows>
  <cols>1</cols>
  <dt>f</dt>
  <data>
    1.15840781e+00 1.34397840e+00 9.78131056e-01 1.16113055e+00
    1.31347132e+00 1.26161349e+00 1.14246678e+00 1.17324769e+00
    1.18302834e+00 1.53625071e+00 1.28228927e+00 1.64514279e+00</data></Per_View_Reprojection_Errors>
<!-- a set of 6-tuples (rotation vector + translation vector) for each view -->
<Extrinsic_Parameters type_id="opencv-matrix">
  <rows>12</rows>
  <cols>6</cols>
  <dt>d</dt>
  <data>
    -4.3112608764388721e-01 1.6055595050573637e-03
    -1.7561542531968070e-02 -1.9449731585077762e+02
    -4.4776974107729743e+01 1.0175118576038848e+03
    -4.3277635249316976e-01 1.7265356175299762e-01
    4.2578982953645006e-01 -1.6022079798451685e+02
    -1.8071681516706869e+02 1.0838973321504889e+03
    -4.9588340752117493e-01 -8.5979673033092757e-02
    -4.1007921399402025e-01 -2.5940540980352137e+02
    -4.6562923200323802e+01 1.0024968870059624e+03
    -7.8364137375871235e-01 6.0126552364016740e-02
    2.4453957429470038e-02 -1.9869582200286195e+02
    -9.8777132984954363e+01 1.2283745230250913e+03
    -6.5911409798152698e-01 2.8667582867946906e-01
    6.0053120280780992e-01 -1.0992887099352205e+02
    -1.9845860960917298e+02 1.1868911037756741e+03
    -6.3877632139425811e-01 4.0653158231543285e-01
    8.7861647840959900e-01 -1.6122987671422703e+01
    -1.6714427339948719e+02 1.3061244942841670e+03
    -7.4714156461436187e-01 -2.2048477901619090e-01
    -5.0793375173216981e-01 -1.3000733468062825e+02
    -1.7089622754555670e+01 1.0557115649264990e+03
    -8.7295880656952130e-01 1.1854876119890986e-02
    -6.3230963524247069e-03 -1.7353554585960453e+02
    -5.9115164699443433e+01 1.2687460477971506e+03
    -2.1376919014526372e-01 3.2339285528593505e-02
    1.7968845974138178e-01 -1.2961636703781949e+02
    -8.5295163201839756e+01 9.6363640316405611e+02
    -2.0091201050778335e-01 7.3186744776934751e-02
    -2.3576283810185641e-01 -1.6971764148772317e+02
    -6.1966670646883934e+01 9.1038939476286725e+02
    1.8407520039638961e-01 5.8953144575369404e-02 9.5119586988976629e-03
    -1.3109070902212164e+02 -5.3156294889114989e+01
    8.2565215171991247e+02 -8.7885180035088190e-02
    1.1303862858427598e-01 7.7172150685524202e-02
    -1.6250114200928613e+02 -1.0519897187592522e+02
    8.6454453379560323e+02</data></Extrinsic_Parameters>
<Image_points type_id="opencv-matrix">
  <rows>12</rows>
  <cols>40</cols>
  <dt>"2f"</dt>
  <data>
    7.73739624e+02 8.42332458e+02 9.03651245e+02 8.40564941e+02
    1.03358142e+03 8.38517944e+02 1.16338501e+03 8.37662231e+02
    1.29279211e+03 8.34913879e+02 1.42236536e+03 8.32429138e+02
    1.55265588e+03 8.29820984e+02 1.68393079e+03 8.26557068e+02
    7.65390686e+02 9.60525879e+02 8.98495667e+02 9.59577576e+02
    1.03103552e+03 9.57384766e+02 1.16325427e+03 9.54488098e+02
    1.29528967e+03 9.52748230e+02 1.42745605e+03 9.50554688e+02
    1.56019885e+03 9.48134216e+02 1.69404089e+03 9.45866394e+02
    7.57910461e+02 1.08380957e+03 8.94019836e+02 1.08215955e+03
    1.02788953e+03 1.07953857e+03 1.16301196e+03 1.07743005e+03
    1.29796863e+03 1.07487451e+03 1.43308411e+03 1.07225208e+03
    1.56869714e+03 1.07030957e+03 1.70537476e+03 1.06859363e+03
    7.48493225e+02 1.21235522e+03 8.87411072e+02 1.21024756e+03
    1.02459827e+03 1.20736292e+03 1.16271692e+03 1.20486755e+03
    1.30072339e+03 1.20237573e+03 1.43894812e+03 1.19967285e+03
    1.57784253e+03 1.19822815e+03 1.71792810e+03 1.19580200e+03
    7.38543579e+02 1.34728064e+03 8.80636780e+02 1.34447375e+03
    1.02107739e+03 1.34118835e+03 1.16253027e+03 1.33826270e+03
    1.30393127e+03 1.33560852e+03 1.44568579e+03 1.33359351e+03
    1.58784766e+03 1.33199390e+03 1.73146045e+03 1.32935693e+03
    8.87690796e+02 5.17454224e+02 9.93525391e+02 5.57381470e+02
    1.10223950e+03 5.98232666e+02 1.21401599e+03 6.41607605e+02
    1.32811182e+03 6.83355469e+02 1.44516858e+03 7.26666748e+02
    1.56570483e+03 7.70716858e+02 1.69055981e+03 8.15416626e+02
    8.26855408e+02 6.11979187e+02 9.34604675e+02 6.55246826e+02
    1.04460486e+03 6.98269104e+02 1.15710620e+03 7.40982605e+02
    1.27242639e+03 7.85943542e+02 1.39053125e+03 8.31384277e+02
    1.51228296e+03 8.77774841e+02 1.63818848e+03 9.25778564e+02
    7.65459045e+02 7.10249512e+02 8.74619324e+02 7.55110291e+02
    9.84746216e+02 7.98968323e+02 1.09867285e+03 8.44737000e+02
    1.21505701e+03 8.91073547e+02 1.33448779e+03 9.38217590e+02
    1.45742957e+03 9.87341003e+02 1.58461829e+03 1.03815332e+03
    7.00742737e+02 8.11126343e+02 8.11195862e+02 8.57516296e+02
    9.22870605e+02 9.03549194e+02 1.03780310e+03 9.51258850e+02
    1.15575305e+03 9.99625305e+02 1.27659607e+03 1.04912415e+03
    1.40095557e+03 1.10105054e+03 1.52962427e+03 1.15369177e+03
    6.33378479e+02 9.15548157e+02 7.44878479e+02 9.63600464e+02
    8.57738708e+02 1.01153131e+03 9.74442078e+02 1.06092700e+03
    1.09373413e+03 1.11185046e+03 1.21633411e+03 1.16452734e+03
    1.34240637e+03 1.21895117e+03 1.47270667e+03 1.27408374e+03
    5.92384583e+02 8.34659180e+02 7.19057617e+02 7.89277283e+02
    8.43793030e+02 7.44392822e+02 9.66220947e+02 7.01886353e+02
    1.08531836e+03 6.57856628e+02 1.20218030e+03 6.14809692e+02
    1.31747192e+03 5.72006958e+02 1.43108350e+03 5.28956665e+02
    6.31523987e+02 9.40452759e+02 7.61625305e+02 8.94320129e+02
    8.88498962e+02 8.47477600e+02 1.01234625e+03 8.00701721e+02
    1.13358386e+03 7.56091492e+02 1.25261194e+03 7.11547852e+02
    1.36950488e+03 6.67154968e+02 1.48509192e+03 6.23485413e+02
    6.74204834e+02 1.05085254e+03 8.06304810e+02 1.00199109e+03
    9.34149658e+02 9.53120728e+02 1.06040332e+03 9.05157471e+02
    1.18366638e+03 8.57639160e+02 1.30456360e+03 8.10534241e+02
    1.42385938e+03 7.64843689e+02 1.54130530e+03 7.19837158e+02
    7.16624573e+02 1.16660181e+03 8.51434570e+02 1.11476599e+03
    9.81736389e+02 1.06345093e+03 1.11019702e+03 1.01313110e+03
    1.23585681e+03 9.63416443e+02 1.35923682e+03 9.14198975e+02
    1.48043225e+03 8.66796387e+02 1.60042432e+03 8.18763367e+02
    7.61087036e+02 1.28798035e+03 8.98568542e+02 1.23304028e+03
    1.03137573e+03 1.17876782e+03 1.16252417e+03 1.12536499e+03
    1.29057104e+03 1.07327661e+03 1.41645544e+03 1.02252332e+03
    1.54034045e+03 9.72843506e+02 1.66300696e+03 9.21907104e+02
    8.52983521e+02 7.46176453e+02 9.58861511e+02 7.45953613e+02
    1.06551636e+03 7.45451538e+02 1.17305811e+03 7.46962280e+02
    1.28077441e+03 7.45575012e+02 1.38930798e+03 7.44681641e+02
    1.49882471e+03 7.43423584e+02 1.60956067e+03 7.41409668e+02
    8.35220764e+02 8.17954468e+02 9.44572693e+02 8.19824829e+02
    1.05445825e+03 8.19628296e+02 1.16475671e+03 8.18556091e+02
    1.27575696e+03 8.18918213e+02 1.38758215e+03 8.18467834e+02
    1.50024976e+03 8.17583069e+02 1.61449133e+03 8.16887756e+02
    8.17470947e+02 8.94636108e+02 9.30321777e+02 8.96350708e+02
    1.04234485e+03 8.96046204e+02 1.15630750e+03 8.96331543e+02
    1.27054297e+03 8.95993103e+02 1.38580762e+03 8.95140503e+02
