<?xml version="1.0"?>
<opencv_storage>
<calibration_Time>"Mon Dec  9 13:16:34 2013"</calibration_Time>
<nrOfFrames>12</nrOfFrames>
<image_Width>640</image_Width>
<image_Height>480</image_Height>
<board_Width>8</board_Width>
<board_Height>5</board_Height>
<square_Size>50.</square_Size>
<FixAspectRatio>1.</FixAspectRatio>
<!-- flags:  +fix_aspectRatio +fix_principal_point +zero_tangent_dist -->
<flagValue>14</flagValue>
<Camera_Matrix type_id="opencv-matrix">
  <rows>3</rows>
  <cols>3</cols>
  <dt>d</dt>
  <data>
    6.5833703379212159e+02 0. 3.1950000000000000e+02 0.
    6.5833703379212159e+02 2.3950000000000000e+02 0. 0. 1.</data></Camera_Matrix>
<Distortion_Coefficients type_id="opencv-matrix">
  <rows>5</rows>
  <cols>1</cols>
  <dt>d</dt>
  <data>
    1.7190662929598072e-01 -7.6827498142943221e-02 0. 0.
    -3.1414427333395523e+00</data></Distortion_Coefficients>
<Avg_Reprojection_Error>3.1675941754341613e-01</Avg_Reprojection_Error>
<Per_View_Reprojection_Errors type_id="opencv-matrix">
  <rows>12</rows>
  <cols>1</cols>
  <dt>f</dt>
  <data>
    2.91975021e-01 3.31436574e-01 2.46493325e-01 2.87875593e-01
    3.25360507e-01 3.14068079e-01 2.83200175e-01 2.87996441e-01
    2.93847829e-01 3.82156938e-01 3.15395594e-01 4.07185555e-01</data></Per_View_Reprojection_Errors>
<!-- a set of 6-tuples (rotation vector + translation vector) for each view -->
<Extrinsic_Parameters type_id="opencv-matrix">
  <rows>12</rows>
  <cols>6</cols>
  <dt>d</dt>
  <data>
    -4.3136592608174812e-01 1.0547172488990497e-03
    -1.7653043614709842e-02 -1.9452874639689475e+02
    -4.4745584887622215e+01 1.0191154852995276e+03
    -4.3262809051978779e-01 1.7260547349212160e-01
    4.2584010941263944e-01 -1.6024231563581191e+02
    -1.8070666521104877e+02 1.0858451203433108e+03
    -4.9523968191826123e-01 -8.6222812949572097e-02
    -4.1012701341582986e-01 -2.5943416905793123e+02
    -4.6540676510413505e+01 1.0041818343997573e+03
    -7.8405786478671147e-01 6.0315642887186674e-02
    2.4402194334422225e-02 -1.9871982788268159e+02
    -9.8666066147514258e+01 1.2302496656317740e+03
    -6.5886337090027425e-01 2.8679522391902107e-01
    6.0066574316317256e-01 -1.0992186307651033e+02
    -1.9848901353656595e+02 1.1886965248449937e+03
    -6.3870429371057214e-01 4.0656023403224617e-01
    8.7867705979836674e-01 -1.6129169508044892e+01
    -1.6715642374119201e+02 1.3082442151643534e+03
    -7.4726333013595170e-01 -2.2008324159849962e-01
    -5.0815723360158394e-01 -1.3001252221971836e+02
    -1.7002833564708823e+01 1.0576611917419839e+03
    -8.7270116041486212e-01 1.2209740145139189e-02
    -6.3127809928738149e-03 -1.7354678104481800e+02
    -5.9039231648809448e+01 1.2706552823644438e+03
    -2.1182788442580788e-01 3.2622452101112732e-02
    1.7971778785679557e-01 -1.2964356569504238e+02
    -8.5330681658093070e+01 9.6499218987002939e+02
    -2.0106866039707946e-01 7.2243209018270430e-02
    -2.3577909881901066e-01 -1.6975336188872393e+02
    -6.1970219367670694e+01 9.1159143529979508e+02
    1.8477145654776769e-01 5.9153926418173623e-02 9.5040207343084007e-03
    -1.3111815439244370e+02 -5.3169008045627827e+01
    8.2694330527708792e+02 -8.6671387716686296e-02
    1.1233011933485050e-01 7.7116184498029441e-02
    -1.6254862586183273e+02 -1.0520227589008387e+02
    8.6569492006621647e+02</data></Extrinsic_Parameters>
<Image_points type_id="opencv-matrix">
  <rows>12</rows>
  <cols>40</cols>
  <dt>"2f"</dt>
  <data>
    1.93055481e+02 2.10227036e+02 2.25507263e+02 2.09769165e+02
    2.58014191e+02 2.09226395e+02 2.90457672e+02 2.09099213e+02
    3.22802582e+02 2.08372955e+02 3.55152496e+02 2.07750381e+02
    3.87733643e+02 2.07130630e+02 4.20615326e+02 2.06302032e+02
    1.90912537e+02 2.39762268e+02 2.24205292e+02 2.39490234e+02
    2.57366547e+02 2.39056305e+02 2.90427368e+02 2.38279785e+02
    3.23454315e+02 2.37931076e+02 3.56483551e+02 2.37290192e+02
    3.89695068e+02 2.36626266e+02 4.23177551e+02 2.36078629e+02
    1.89100677e+02 2.70591339e+02 2.23083786e+02 2.70146362e+02
    2.56588196e+02 2.69514343e+02 2.90380585e+02 2.69066925e+02
    3.24076477e+02 2.68389862e+02 3.57854645e+02 2.67695038e+02
    3.91726807e+02 2.67234924e+02 4.25899231e+02 2.66772522e+02
    1.86645554e+02 3.02733459e+02 2.21493256e+02 3.02188202e+02
    2.55806107e+02 3.01470581e+02 2.90349670e+02 3.00826904e+02
    3.24832001e+02 3.00230560e+02 3.59371582e+02 2.99531250e+02
    3.94095581e+02 2.99190552e+02 4.29104797e+02 2.98555298e+02
    1.84300842e+02 3.36471771e+02 2.19760300e+02 3.35765991e+02
    2.54898727e+02 3.34953735e+02 2.90319519e+02 3.34197998e+02
    3.25603516e+02 3.33523560e+02 3.60990417e+02 3.33013763e+02
    3.96558777e+02 3.32613403e+02 4.32493103e+02 3.32003174e+02
    2.21509003e+02 1.29024216e+02 2.47972000e+02 1.38984375e+02
    2.75229065e+02 1.49229172e+02 3.03201111e+02 1.60100403e+02
    3.31605927e+02 1.70482193e+02 3.60841125e+02 1.81304138e+02
    3.91045593e+02 1.92362000e+02 4.22231476e+02 2.03507019e+02
    2.06384201e+02 1.52609161e+02 2.33315964e+02 1.63467499e+02
    2.60716736e+02 1.74211960e+02 2.88836304e+02 1.84795883e+02
    3.17649536e+02 1.96137039e+02 3.47309662e+02 2.07501633e+02
    3.77626923e+02 2.19080658e+02 4.09124725e+02 2.31092072e+02
    1.90976105e+02 1.77257797e+02 2.18285278e+02 1.88436478e+02
    2.45752487e+02 1.99397476e+02 2.74351196e+02 2.10800293e+02
    3.03406067e+02 2.22432587e+02 3.33275970e+02 2.34235886e+02
    3.63958344e+02 2.46474152e+02 3.95701324e+02 2.59213654e+02
    1.74752197e+02 2.02449554e+02 2.02434311e+02 2.14013748e+02
    2.30359116e+02 2.25518677e+02 2.59122253e+02 2.37466537e+02
    2.88560272e+02 2.49560699e+02 3.18699219e+02 2.61845398e+02
    3.49790741e+02 2.74827271e+02 3.81974792e+02 2.88100677e+02
    1.57944077e+02 2.28568054e+02 1.85826859e+02 2.40509140e+02
    2.14117447e+02 2.52527588e+02 2.43307816e+02 2.64850494e+02
    2.73102356e+02 2.77570404e+02 3.03679047e+02 2.90687714e+02
    3.35229340e+02 3.04427490e+02 3.67694214e+02 3.18220917e+02
    1.47709824e+02 2.08398666e+02 1.79372299e+02 1.96908157e+02
    2.10505310e+02 1.85640091e+02 2.41251831e+02 1.75193954e+02
    2.70913513e+02 1.64152008e+02 3.00244202e+02 1.53353867e+02
    3.28997559e+02 1.42594849e+02 3.57412811e+02 1.31838638e+02
    1.57487549e+02 2.34735107e+02 1.89959335e+02 2.23292892e+02
    2.21673691e+02 2.11516983e+02 2.52608887e+02 1.99758072e+02
    2.82988892e+02 1.88656128e+02 3.12653839e+02 1.77524170e+02
    3.41973267e+02 1.66414719e+02 3.70801239e+02 1.55509415e+02
    1.68164597e+02 2.62412659e+02 2.01255646e+02 2.50148392e+02
    2.33172714e+02 2.37842239e+02 2.64671356e+02 2.25911163e+02
    2.95529907e+02 2.14098953e+02 3.25740387e+02 2.02328812e+02
    3.55525452e+02 1.90786804e+02 3.84932312e+02 1.79573639e+02
    1.78781555e+02 2.91338806e+02 2.12496490e+02 2.78371613e+02
    2.45108734e+02 2.65499817e+02 2.77207886e+02 2.52868256e+02
    3.08595734e+02 2.40530502e+02 3.39426147e+02 2.28228119e+02
    3.69713867e+02 2.16405350e+02 3.99720245e+02 2.04388397e+02
    1.89921356e+02 3.21649567e+02 2.24277542e+02 3.07846741e+02
    2.57482727e+02 2.94396454e+02 2.90285614e+02 2.80980499e+02
    3.22272095e+02 2.68016418e+02 3.53680847e+02 2.55360107e+02
    3.84636841e+02 2.42834549e+02 4.15413788e+02 2.30194443e+02
    2.12798798e+02 1.86258316e+02 2.39343903e+02 1.86159225e+02
    2.66008484e+02 1.86010269e+02 2.92875336e+02 1.86430206e+02
    3.19833008e+02 1.86092392e+02 3.46863953e+02 1.85813522e+02
    3.74328644e+02 1.85468552e+02 4.01993988e+02 1.85082336e+02
    2.08390717e+02 2.04174500e+02 2.35724701e+02 2.04549713e+02
    2.63314606e+02 2.04551865e+02 2.90722595e+02 2.04304581e+02
    3.18501282e+02 2.04409851e+02 3.46491486e+02 2.04309692e+02
    3.74704590e+02 2.04011139e+02 4.03293457e+02 2.03818192e+02
    2.03933365e+02 2.23362366e+02 2.32193222e+02 2.23704239e+02
    2.60256714e+02 2.23629105e+02 2.88627502e+02 2.23787125e+02
    3.17266876e+02 2.23635498e+02 3.46058105e+02 2.23437363e+02
